(kicad_pcb (version 20171130) (host pcbnew "(5.1.10)-1")

  (general
    (thickness 1.6)
    (drawings 29)
    (tracks 417)
    (zones 0)
    (modules 44)
    (nets 27)
  )

  (page A4)
  (layers
    (0 F.Cu signal)
    (31 B.Cu signal)
    (32 B.Adhes user hide)
    (33 F.Adhes user hide)
    (34 B.Paste user hide)
    (35 F.Paste user hide)
    (36 B.SilkS user)
    (37 F.SilkS user)
    (38 B.Mask user)
    (39 F.Mask user)
    (40 Dwgs.User user)
    (41 Cmts.User user hide)
    (42 Eco1.User user hide)
    (43 Eco2.User user hide)
    (44 Edge.Cuts user)
    (45 Margin user)
    (46 B.CrtYd user hide)
    (47 F.CrtYd user hide)
    (48 B.Fab user hide)
    (49 F.Fab user hide)
  )

  (setup
    (last_trace_width 0.254)
    (user_trace_width 0.2032)
    (user_trace_width 0.254)
    (user_trace_width 0.3048)
    (user_trace_width 0.381)
    (user_trace_width 0.508)
    (user_trace_width 0.635)
    (user_trace_width 0.762)
    (user_trace_width 0.889)
    (trace_clearance 0.254)
    (zone_clearance 0.254)
    (zone_45_only no)
    (trace_min 0.2)
    (via_size 0.8128)
    (via_drill 0.3)
    (via_min_size 0.4)
    (via_min_drill 0.3)
    (user_via 0.8128 0.3)
    (user_via 1.143 0.4)
    (uvia_size 0.3)
    (uvia_drill 0.1)
    (uvias_allowed no)
    (uvia_min_size 0.2)
    (uvia_min_drill 0.1)
    (edge_width 0.05)
    (segment_width 0.2)
    (pcb_text_width 0.3)
    (pcb_text_size 1.5 1.5)
    (mod_edge_width 0.1524)
    (mod_text_size 1.016 1.016)
    (mod_text_width 0.2032)
    (pad_size 1.6 2)
    (pad_drill 0)
    (pad_to_mask_clearance 0)
    (aux_axis_origin 100 99.5)
    (grid_origin 100 99.5)
    (visible_elements 7FFFFF7F)
    (pcbplotparams
      (layerselection 0x030f0_ffffffff)
      (usegerberextensions false)
      (usegerberattributes false)
      (usegerberadvancedattributes false)
      (creategerberjobfile false)
      (excludeedgelayer true)
      (linewidth 0.100000)
      (plotframeref false)
      (viasonmask false)
      (mode 1)
      (useauxorigin false)
      (hpglpennumber 1)
      (hpglpenspeed 20)
      (hpglpendiameter 15.000000)
      (psnegative false)
      (psa4output false)
      (plotreference true)
      (plotvalue true)
      (plotinvisibletext false)
      (padsonsilk false)
      (subtractmaskfromsilk false)
      (outputformat 1)
      (mirror false)
      (drillshape 0)
      (scaleselection 1)
      (outputdirectory "out/"))
  )

  (net 0 "")
  (net 1 GND)
  (net 2 +5V)
  (net 3 VCC)
  (net 4 /RST)
  (net 5 "Net-(D1-Pad2)")
  (net 6 /Rx)
  (net 7 "Net-(D2-Pad2)")
  (net 8 "Net-(D3-Pad2)")
  (net 9 /Tx)
  (net 10 "Net-(FB1-Pad2)")
  (net 11 "Net-(J1-Pad2)")
  (net 12 "Net-(J1-Pad3)")
  (net 13 /IO0)
  (net 14 "Net-(M1-Pad4)")
  (net 15 /IO15)
  (net 16 "Net-(M1-Pad11)")
  (net 17 "Net-(M1-Pad13)")
  (net 18 /TxAC)
  (net 19 /RxAC)
  (net 20 "Net-(M1-Pad2)")
  (net 21 "Net-(M1-Pad5)")
  (net 22 "Net-(M1-Pad14)")
  (net 23 /IO12R)
  (net 24 /IO13T)
  (net 25 "Net-(P1-Pad1)")
  (net 26 "Net-(P2-Pad1)")

  (net_class Default "This is the default net class."
    (clearance 0.254)
    (trace_width 0.254)
    (via_dia 0.8128)
    (via_drill 0.3)
    (uvia_dia 0.3)
    (uvia_drill 0.1)
    (add_net +5V)
    (add_net /IO0)
    (add_net /IO12R)
    (add_net /IO13T)
    (add_net /IO15)
    (add_net /RST)
    (add_net /Rx)
    (add_net /RxAC)
    (add_net /Tx)
    (add_net /TxAC)
    (add_net GND)
    (add_net "Net-(D1-Pad2)")
    (add_net "Net-(D2-Pad2)")
    (add_net "Net-(D3-Pad2)")
    (add_net "Net-(FB1-Pad2)")
    (add_net "Net-(J1-Pad2)")
    (add_net "Net-(J1-Pad3)")
    (add_net "Net-(M1-Pad11)")
    (add_net "Net-(M1-Pad13)")
    (add_net "Net-(M1-Pad14)")
    (add_net "Net-(M1-Pad2)")
    (add_net "Net-(M1-Pad4)")
    (add_net "Net-(M1-Pad5)")
    (add_net "Net-(P1-Pad1)")
    (add_net "Net-(P2-Pad1)")
    (add_net VCC)
  )

  (module MyConnectors:WE06DH-1.0-06P-H (layer B.Cu) (tedit 613BBB9F) (tstamp 613699D8)
    (at 128.3 86 270)
    (descr "1mm 6pin horizontal - JST SM06B-SRSS / NX1001-06SMR / WE06DH")
    (tags "SM06B SRSS NX1001 06SMR")
    (path /60C5CC4A)
    (fp_text reference J3 (at -2.2 -1 180) (layer B.SilkS)
      (effects (font (size 1.016 1.016) (thickness 0.2032)) (justify right mirror))
    )
    (fp_text value ESP_FLASH_CONN (at 0 0.508 90) (layer B.Fab) hide
      (effects (font (size 0.1 0.1) (thickness 0.01)) (justify mirror))
    )
    (fp_line (start 5.4 -4.6) (end -0.4 -4.6) (layer B.SilkS) (width 0.254))
    (fp_line (start -1.5 -5.1) (end -1.5 -6.8) (layer B.CrtYd) (width 0.254))
    (fp_line (start -1.5 -6.8) (end 6.5 -6.8) (layer B.CrtYd) (width 0.254))
    (fp_line (start 6.5 -6.8) (end 6.5 -5.1) (layer B.CrtYd) (width 0.254))
    (fp_line (start -1.5 -2.7) (end -1.5 -0.3) (layer B.CrtYd) (width 0.254))
    (fp_line (start -1.5 -0.3) (end -0.6 -0.3) (layer B.CrtYd) (width 0.254))
    (fp_line (start 6.5 -2.7) (end 6.5 -0.3) (layer B.CrtYd) (width 0.254))
    (fp_line (start 6.5 -0.3) (end 5.6 -0.3) (layer B.CrtYd) (width 0.254))
    (fp_line (start -0.3 -0.8) (end 5.3 -0.8) (layer B.CrtYd) (width 0.0254))
    (fp_line (start 5.7 -4.8) (end -0.7 -4.8) (layer B.CrtYd) (width 0.0254))
    (fp_line (start -1.5 -2.7) (end -1.5 -0.3) (layer B.SilkS) (width 0.254))
    (fp_line (start 6.5 -2.7) (end 6.5 -0.3) (layer B.SilkS) (width 0.254))
    (fp_line (start 6.5 -0.3) (end 5.6 -0.3) (layer B.SilkS) (width 0.254))
    (fp_line (start -0.6 -0.3) (end -1.5 -0.3) (layer B.SilkS) (width 0.254))
    (fp_line (start -0.8 0.5) (end -1.2 0.8) (layer B.SilkS) (width 0.254))
    (fp_line (start -1.2 0.8) (end -1.2 0.2) (layer B.SilkS) (width 0.254))
    (fp_line (start -1.2 0.2) (end -0.8 0.5) (layer B.SilkS) (width 0.254))
    (pad X2 smd rect (at 6.5 -3.9 270) (size 1.6 2) (layers B.Cu B.Paste B.Mask)
      (net 1 GND))
    (pad X1 smd rect (at -1.5 -3.9 270) (size 1.6 2) (layers B.Cu B.Paste B.Mask)
      (net 1 GND))
    (pad 6 smd rect (at 5 0.2 270) (size 0.6 2) (layers B.Cu B.Paste B.Mask)
      (net 1 GND))
    (pad 5 smd rect (at 4 0.2 270) (size 0.6 2) (layers B.Cu B.Paste B.Mask)
      (net 9 /Tx))
    (pad 4 smd rect (at 3 0.2 270) (size 0.6 2) (layers B.Cu B.Paste B.Mask)
      (net 6 /Rx))
    (pad 3 smd rect (at 2 0.2 270) (size 0.6 2) (layers B.Cu B.Paste B.Mask)
      (net 13 /IO0))
    (pad 2 smd rect (at 1 0.2 270) (size 0.6 2) (layers B.Cu B.Paste B.Mask)
      (net 4 /RST))
    (pad 1 smd rect (at 0 0.2 270) (size 0.6 2) (layers B.Cu B.Paste B.Mask)
      (net 3 VCC))
    (model "${KISYS3DMOD}/Connectors/SM06B-SRSS-TB(NX1001-06_WE06DH).STEP"
      (offset (xyz 2.5 -0.75 -0.3))
      (scale (xyz 1 1 1))
      (rotate (xyz -90 0 0))
    )
  )

  (module MyConnectors:WG04R-2.5-04P-H (layer F.Cu) (tedit 60C530DB) (tstamp 60C5534D)
    (at 108 84.75 270)
    (path /60C037B6)
    (fp_text reference J1 (at -0.35 4.4 90) (layer F.SilkS)
      (effects (font (size 1.016 1.016) (thickness 0.2032)) (justify right))
    )
    (fp_text value "JST-XH(4p 2.5mm)" (at 0 1.6 90) (layer F.Fab)
      (effects (font (size 0.1 0.1) (thickness 0.01)))
    )
    (fp_line (start -2.6 0) (end -2.6 7.6) (layer F.SilkS) (width 0.254))
    (fp_line (start -2.6 9.2) (end 10.1 9.2) (layer F.SilkS) (width 0.254))
    (fp_line (start 10.1 7.6) (end 10.1 -2.4) (layer F.SilkS) (width 0.254))
    (fp_line (start 10.1 0) (end 8.75 0) (layer F.SilkS) (width 0.254))
    (fp_line (start -2.6 0) (end -1.7 0) (layer F.SilkS) (width 0.254))
    (fp_line (start -2.6 0) (end -2.6 -2.4) (layer F.SilkS) (width 0.254))
    (fp_line (start -1.6 -1.3) (end -2 -1.7) (layer F.SilkS) (width 0.254))
    (fp_line (start -2 -1.7) (end -2 -0.9) (layer F.SilkS) (width 0.254))
    (fp_line (start -2 -0.9) (end -1.6 -1.3) (layer F.SilkS) (width 0.254))
    (fp_line (start -2.6 7.6) (end 10.1 7.6) (layer F.SilkS) (width 0.254))
    (fp_line (start 10.1 9.2) (end 10.1 8.2) (layer F.SilkS) (width 0.254))
    (fp_line (start -2.6 9.2) (end -2.6 8.2) (layer F.SilkS) (width 0.254))
    (pad 1 thru_hole rect (at 0 0 270) (size 1.9 2.5) (drill 1.1) (layers *.Cu *.Mask)
      (net 1 GND))
    (pad 2 thru_hole oval (at 2.5 0 270) (size 1.9 2.5) (drill 1.1) (layers *.Cu *.Mask)
      (net 11 "Net-(J1-Pad2)"))
    (pad 3 thru_hole oval (at 5 0 270) (size 1.9 2.5) (drill 1.1) (layers *.Cu *.Mask)
      (net 12 "Net-(J1-Pad3)"))
    (pad 4 thru_hole oval (at 7.5 0 270) (size 1.9 2.5) (drill 1.1) (layers *.Cu *.Mask)
      (net 10 "Net-(FB1-Pad2)"))
    (model "${KISYS3DMOD}/Connectors/S4B-XH-A(WG04R_NX2500-04SMR).STEP"
      (offset (xyz 3.75 -3.45 200))
      (scale (xyz 1 1 1))
      (rotate (xyz -90 0 0))
    )
    (model "${KISYS3DMOD}/Connectors/S5B-XH-A(WG05R_NX2500-05SMR).STEP"
      (offset (xyz 2.5 -3.4 200))
      (scale (xyz 1 1 1))
      (rotate (xyz -90 0 0))
    )
  )

  (module MySMT:USB_Plug_Molex_48037-2200 (layer F.Cu) (tedit 5B96F3E9) (tstamp 60C55361)
    (at 105.3 88.5 270)
    (path /60C05260)
    (fp_text reference J2 (at -5.85 -2.3 90) (layer F.SilkS) hide
      (effects (font (size 1 1) (thickness 0.15)))
    )
    (fp_text value USBPlug (at 0.2 -8.9 90) (layer F.SilkS) hide
      (effects (font (size 1 1) (thickness 0.15)))
    )
    (fp_line (start -6 5.35) (end 6 5.35) (layer F.SilkS) (width 0.254))
    (fp_line (start 6 5.3) (end 6 4.8) (layer F.SilkS) (width 0.254))
    (fp_line (start -6 5.3) (end -6 4.8) (layer F.SilkS) (width 0.254))
    (fp_line (start -6 0.3) (end -6 -1.5) (layer F.SilkS) (width 0.254))
    (fp_line (start -6 -1.5) (end -4.7 -1.5) (layer F.SilkS) (width 0.254))
    (fp_line (start 6 0.3) (end 6 -1.5) (layer F.SilkS) (width 0.254))
    (fp_line (start 6 -1.5) (end 4.6 -1.5) (layer F.SilkS) (width 0.254))
    (fp_circle (center 5.2 -0.8) (end 5.4 -0.8) (layer F.SilkS) (width 0.381))
    (pad 1 smd rect (at 3.5 -0.3 270) (size 1.5 2.5) (layers F.Cu F.Paste F.Mask)
      (net 10 "Net-(FB1-Pad2)"))
    (pad 2 smd rect (at 1 -0.3 270) (size 1.4 2.5) (layers F.Cu F.Paste F.Mask)
      (net 12 "Net-(J1-Pad3)"))
    (pad 3 smd rect (at -1 -0.3 270) (size 1.4 2.5) (layers F.Cu F.Paste F.Mask)
      (net 11 "Net-(J1-Pad2)"))
    (pad 4 smd rect (at -3.5 -0.3 270) (size 1.5 2.5) (layers F.Cu F.Paste F.Mask)
      (net 1 GND))
    (pad 5 thru_hole oval (at -5.85 2.6 270) (size 1.8 3.8) (drill oval 0.7 2.5) (layers *.Cu *.Mask)
      (net 1 GND))
    (pad 5 thru_hole oval (at 5.85 2.6 270) (size 1.8 3.8) (drill oval 0.7 2.5) (layers *.Cu *.Mask)
      (net 1 GND))
    (pad "" np_thru_hole circle (at -2.25 2.6 270) (size 1.1 1.1) (drill 1.1) (layers *.Cu))
    (pad "" np_thru_hole circle (at 2.25 2.6 270) (size 1.1 1.1) (drill 1.1) (layers *.Cu))
    (model D:/Projects/KiCAD/Libraries/3D/MySMT/Molex_USB_PlugSMT_480372200.stp
      (offset (xyz 0 -11 0))
      (scale (xyz 1 1 1))
      (rotate (xyz -90 0 0))
    )
  )

  (module MySMT:C_0402_HS (layer B.Cu) (tedit 5E8CE094) (tstamp 6136992A)
    (at 116.5 93.3)
    (descr "Capacitor SMD 0402 (1005 Metric), square (rectangular) end terminal, IPC_7351 nominal")
    (tags capacitor)
    (path /60BE7D9A)
    (attr smd)
    (fp_text reference C1 (at -0.1 1.4) (layer B.SilkS)
      (effects (font (size 1.016 1.016) (thickness 0.2032)) (justify mirror))
    )
    (fp_text value 100n (at 0 -1.17 180) (layer B.Fab) hide
      (effects (font (size 1 1) (thickness 0.15)) (justify mirror))
    )
    (fp_line (start -0.635 -0.508) (end 0.635 -0.508) (layer B.SilkS) (width 0.254))
    (fp_line (start -0.635 0.508) (end 0.635 0.508) (layer B.SilkS) (width 0.254))
    (fp_line (start 0.93 -0.47) (end -0.93 -0.47) (layer B.CrtYd) (width 0.05))
    (fp_line (start 0.93 0.47) (end 0.93 -0.47) (layer B.CrtYd) (width 0.05))
    (fp_line (start -0.93 0.47) (end 0.93 0.47) (layer B.CrtYd) (width 0.05))
    (fp_line (start -0.93 -0.47) (end -0.93 0.47) (layer B.CrtYd) (width 0.05))
    (fp_line (start 0.5 0.25) (end 0.5 -0.25) (layer B.Fab) (width 0.1))
    (fp_line (start -0.5 -0.25) (end -0.5 0.25) (layer B.Fab) (width 0.1))
    (fp_text user %R (at 0 0 180) (layer B.Fab) hide
      (effects (font (size 0.25 0.25) (thickness 0.04)) (justify mirror))
    )
    (pad 2 smd rect (at 0.6858 0) (size 1 0.64) (layers B.Cu B.Paste B.Mask)
      (net 1 GND))
    (pad 1 smd rect (at -0.6858 0) (size 1 0.64) (layers B.Cu B.Paste B.Mask)
      (net 2 +5V))
    (model ${KISYS3DMOD}/github/Capacitor_SMD.3dshapes/C_0402_1005Metric.step
      (at (xyz 0 0 0))
      (scale (xyz 1 1 1))
      (rotate (xyz 0 0 0))
    )
  )

  (module MySMT:CP_3216-HS (layer F.Cu) (tedit 5E8DA7FE) (tstamp 6136BD4A)
    (at 112.6 96.9 270)
    (descr "Tantalum Capacitor SMD Kemet-I (3216-10 Metric), IPC_7351 nominal")
    (tags "capacitor tantalum")
    (path /60BE71B5)
    (attr smd)
    (fp_text reference C2 (at -0.7 -1.9 90) (layer F.SilkS)
      (effects (font (size 1.016 1.016) (thickness 0.2032)))
    )
    (fp_text value 22/10V (at 0 1.75 90) (layer F.Fab) hide
      (effects (font (size 1 1) (thickness 0.15)))
    )
    (fp_line (start 2.1336 -1.016) (end 2.1336 1.016) (layer F.CrtYd) (width 0.05))
    (fp_line (start -2.4384 1.016) (end 2.1336 1.016) (layer F.CrtYd) (width 0.05))
    (fp_line (start -2.4384 1.016) (end -2.4384 -1.016) (layer F.CrtYd) (width 0.05))
    (fp_line (start -0.7112 1.016) (end 1.6 1.016) (layer F.SilkS) (width 0.2032))
    (fp_line (start 1.5958 -1.016) (end -0.7112 -1.016) (layer F.SilkS) (width 0.2032))
    (fp_line (start -1.4224 1.016) (end -2.3876 1.016) (layer F.SilkS) (width 0.2032))
    (fp_line (start -1.4224 -1.016) (end -2.3876 -1.016) (layer F.SilkS) (width 0.2032))
    (fp_line (start -2.4384 -1.016) (end 2.1336 -1.016) (layer F.CrtYd) (width 0.05))
    (pad 2 smd rect (at 1.4375 0 270) (size 1.575 1.35) (layers F.Cu F.Paste F.Mask)
      (net 1 GND))
    (pad 1 smd rect (at -1.4375 0 270) (size 1.575 1.35) (layers F.Cu F.Paste F.Mask)
      (net 2 +5V))
    (model ${KISYS3DMOD}/github/Capacitor_Tantalum_SMD.3dshapes/CP_EIA-3216-10_Kemet-I.wrl
      (at (xyz 0 0 0))
      (scale (xyz 1 1 1))
      (rotate (xyz 0 0 0))
    )
  )

  (module MySMT:CP_3216-HS (layer B.Cu) (tedit 5E8DA7FE) (tstamp 61369946)
    (at 109.1 79.4 180)
    (descr "Tantalum Capacitor SMD Kemet-I (3216-10 Metric), IPC_7351 nominal")
    (tags "capacitor tantalum")
    (path /60BEEBAE)
    (attr smd)
    (fp_text reference C3 (at -3.8 -0.1 unlocked) (layer B.SilkS)
      (effects (font (size 1.016 1.016) (thickness 0.2032)) (justify mirror))
    )
    (fp_text value 22/10V (at 0 -1.75) (layer B.Fab) hide
      (effects (font (size 1 1) (thickness 0.15)) (justify mirror))
    )
    (fp_line (start 2.1336 1.016) (end 2.1336 -1.016) (layer B.CrtYd) (width 0.05))
    (fp_line (start -2.4384 -1.016) (end 2.1336 -1.016) (layer B.CrtYd) (width 0.05))
    (fp_line (start -2.4384 -1.016) (end -2.4384 1.016) (layer B.CrtYd) (width 0.05))
    (fp_line (start -0.7112 -1.016) (end 1.6 -1.016) (layer B.SilkS) (width 0.2032))
    (fp_line (start 1.5958 1.016) (end -0.7112 1.016) (layer B.SilkS) (width 0.2032))
    (fp_line (start -1.4224 -1.016) (end -2.3876 -1.016) (layer B.SilkS) (width 0.2032))
    (fp_line (start -1.4224 1.016) (end -2.3876 1.016) (layer B.SilkS) (width 0.2032))
    (fp_line (start -2.4384 1.016) (end 2.1336 1.016) (layer B.CrtYd) (width 0.05))
    (pad 2 smd rect (at 1.4375 0 180) (size 1.575 1.35) (layers B.Cu B.Paste B.Mask)
      (net 1 GND))
    (pad 1 smd rect (at -1.4375 0 180) (size 1.575 1.35) (layers B.Cu B.Paste B.Mask)
      (net 3 VCC))
    (model ${KISYS3DMOD}/github/Capacitor_Tantalum_SMD.3dshapes/CP_EIA-3216-10_Kemet-I.wrl
      (at (xyz 0 0 0))
      (scale (xyz 1 1 1))
      (rotate (xyz 0 0 0))
    )
  )

  (module MySMT:C_0402_HS (layer B.Cu) (tedit 5E8CE094) (tstamp 6136CF12)
    (at 118.8 92.2)
    (descr "Capacitor SMD 0402 (1005 Metric), square (rectangular) end terminal, IPC_7351 nominal")
    (tags capacitor)
    (path /60BEF03C)
    (attr smd)
    (fp_text reference C4 (at -0.1 1.4) (layer B.SilkS)
      (effects (font (size 1.016 1.016) (thickness 0.2032)) (justify mirror))
    )
    (fp_text value 100n (at 0 -1.17) (layer B.Fab) hide
      (effects (font (size 1 1) (thickness 0.15)) (justify mirror))
    )
    (fp_line (start -0.5 -0.25) (end -0.5 0.25) (layer B.Fab) (width 0.1))
    (fp_line (start 0.5 0.25) (end 0.5 -0.25) (layer B.Fab) (width 0.1))
    (fp_line (start -0.93 -0.47) (end -0.93 0.47) (layer B.CrtYd) (width 0.05))
    (fp_line (start -0.93 0.47) (end 0.93 0.47) (layer B.CrtYd) (width 0.05))
    (fp_line (start 0.93 0.47) (end 0.93 -0.47) (layer B.CrtYd) (width 0.05))
    (fp_line (start 0.93 -0.47) (end -0.93 -0.47) (layer B.CrtYd) (width 0.05))
    (fp_line (start -0.635 0.508) (end 0.635 0.508) (layer B.SilkS) (width 0.254))
    (fp_line (start -0.635 -0.508) (end 0.635 -0.508) (layer B.SilkS) (width 0.254))
    (fp_text user %R (at 0 0) (layer B.Fab) hide
      (effects (font (size 0.25 0.25) (thickness 0.04)) (justify mirror))
    )
    (pad 1 smd rect (at -0.6858 0) (size 1 0.64) (layers B.Cu B.Paste B.Mask)
      (net 3 VCC))
    (pad 2 smd rect (at 0.6858 0) (size 1 0.64) (layers B.Cu B.Paste B.Mask)
      (net 1 GND))
    (model ${KISYS3DMOD}/github/Capacitor_SMD.3dshapes/C_0402_1005Metric.step
      (at (xyz 0 0 0))
      (scale (xyz 1 1 1))
      (rotate (xyz 0 0 0))
    )
  )

  (module MySMT:C_0402_HS (layer F.Cu) (tedit 5E8CE094) (tstamp 61369964)
    (at 114.9 81.4 270)
    (descr "Capacitor SMD 0402 (1005 Metric), square (rectangular) end terminal, IPC_7351 nominal")
    (tags capacitor)
    (path /60BEF3F9)
    (attr smd)
    (fp_text reference C5 (at -1.8 -0.6) (layer F.SilkS)
      (effects (font (size 1.016 1.016) (thickness 0.2032)))
    )
    (fp_text value 1u (at 0 1.17 90) (layer F.Fab) hide
      (effects (font (size 1 1) (thickness 0.15)))
    )
    (fp_line (start -0.635 0.508) (end 0.635 0.508) (layer F.SilkS) (width 0.254))
    (fp_line (start -0.635 -0.508) (end 0.635 -0.508) (layer F.SilkS) (width 0.254))
    (fp_line (start 0.93 0.47) (end -0.93 0.47) (layer F.CrtYd) (width 0.05))
    (fp_line (start 0.93 -0.47) (end 0.93 0.47) (layer F.CrtYd) (width 0.05))
    (fp_line (start -0.93 -0.47) (end 0.93 -0.47) (layer F.CrtYd) (width 0.05))
    (fp_line (start -0.93 0.47) (end -0.93 -0.47) (layer F.CrtYd) (width 0.05))
    (fp_line (start 0.5 -0.25) (end 0.5 0.25) (layer F.Fab) (width 0.1))
    (fp_line (start -0.5 0.25) (end -0.5 -0.25) (layer F.Fab) (width 0.1))
    (fp_text user %R (at 0 0 90) (layer F.Fab) hide
      (effects (font (size 0.25 0.25) (thickness 0.04)))
    )
    (pad 2 smd rect (at 0.6858 0 270) (size 1 0.64) (layers F.Cu F.Paste F.Mask)
      (net 1 GND))
    (pad 1 smd rect (at -0.6858 0 270) (size 1 0.64) (layers F.Cu F.Paste F.Mask)
      (net 3 VCC))
    (model ${KISYS3DMOD}/github/Capacitor_SMD.3dshapes/C_0402_1005Metric.step
      (at (xyz 0 0 0))
      (scale (xyz 1 1 1))
      (rotate (xyz 0 0 0))
    )
  )

  (module MySMT:C_0805_HS (layer B.Cu) (tedit 60F5AD06) (tstamp 61369972)
    (at 129.4 81.5 180)
    (descr "Capacitor SMD 0805 (2012 Metric), square (rectangular) end terminal, IPC_7351 nominal with elongated pad for handsoldering.")
    (tags "capacitor handsolder")
    (path /60C35407)
    (attr smd)
    (fp_text reference C6 (at 2.8 0.1) (layer B.SilkS)
      (effects (font (size 1 1) (thickness 0.15)) (justify mirror))
    )
    (fp_text value 470p (at 0 -0.8) (layer B.Fab) hide
      (effects (font (size 0.1 0.1) (thickness 0.015)) (justify mirror))
    )
    (fp_line (start -1 -0.6) (end -1 0.6) (layer B.Fab) (width 0.1))
    (fp_line (start 1 0.6) (end 1 -0.6) (layer B.Fab) (width 0.1))
    (fp_line (start -1.27 0.9398) (end 1.27 0.9398) (layer B.SilkS) (width 0.12))
    (fp_line (start -1.27 -0.9398) (end 1.27 -0.9398) (layer B.SilkS) (width 0.12))
    (fp_line (start -1.85 -0.95) (end -1.85 0.95) (layer B.CrtYd) (width 0.05))
    (fp_line (start -1.85 0.95) (end 1.85 0.95) (layer B.CrtYd) (width 0.05))
    (fp_line (start 1.85 0.95) (end 1.85 -0.95) (layer B.CrtYd) (width 0.05))
    (fp_line (start 1.85 -0.95) (end -1.85 -0.95) (layer B.CrtYd) (width 0.05))
    (pad 1 smd rect (at -1.025 0 180) (size 1.15 1.4) (layers B.Cu B.Paste B.Mask)
      (net 4 /RST))
    (pad 2 smd rect (at 1.025 0 180) (size 1.15 1.4) (layers B.Cu B.Paste B.Mask)
      (net 1 GND))
    (model ${KISYS3DMOD}/github/Capacitor_SMD.3dshapes/C_0805_2012Metric.wrl
      (at (xyz 0 0 0))
      (scale (xyz 1 1 1))
      (rotate (xyz 0 0 0))
    )
  )

  (module MySMT:CP_3216-HS (layer F.Cu) (tedit 5E8DA7FE) (tstamp 61369980)
    (at 111.8 81 180)
    (descr "Tantalum Capacitor SMD Kemet-I (3216-10 Metric), IPC_7351 nominal")
    (tags "capacitor tantalum")
    (path /60C1B980)
    (attr smd)
    (fp_text reference C7 (at -0.1 -1.8) (layer F.SilkS)
      (effects (font (size 1.016 1.016) (thickness 0.2032)))
    )
    (fp_text value 15/6,3V (at 0 1.75) (layer F.Fab) hide
      (effects (font (size 1 1) (thickness 0.15)))
    )
    (fp_line (start -2.4384 -1.016) (end 2.1336 -1.016) (layer F.CrtYd) (width 0.05))
    (fp_line (start -1.4224 -1.016) (end -2.3876 -1.016) (layer F.SilkS) (width 0.2032))
    (fp_line (start -1.4224 1.016) (end -2.3876 1.016) (layer F.SilkS) (width 0.2032))
    (fp_line (start 1.5958 -1.016) (end -0.7112 -1.016) (layer F.SilkS) (width 0.2032))
    (fp_line (start -0.7112 1.016) (end 1.6 1.016) (layer F.SilkS) (width 0.2032))
    (fp_line (start -2.4384 1.016) (end -2.4384 -1.016) (layer F.CrtYd) (width 0.05))
    (fp_line (start -2.4384 1.016) (end 2.1336 1.016) (layer F.CrtYd) (width 0.05))
    (fp_line (start 2.1336 -1.016) (end 2.1336 1.016) (layer F.CrtYd) (width 0.05))
    (pad 1 smd rect (at -1.4375 0 180) (size 1.575 1.35) (layers F.Cu F.Paste F.Mask)
      (net 3 VCC))
    (pad 2 smd rect (at 1.4375 0 180) (size 1.575 1.35) (layers F.Cu F.Paste F.Mask)
      (net 1 GND))
    (model ${KISYS3DMOD}/github/Capacitor_Tantalum_SMD.3dshapes/CP_EIA-3216-10_Kemet-I.wrl
      (at (xyz 0 0 0))
      (scale (xyz 1 1 1))
      (rotate (xyz 0 0 0))
    )
  )

  (module MySMT:LED0603_HS (layer B.Cu) (tedit 5FD5EF35) (tstamp 6136998F)
    (at 102.425 97.9)
    (descr "LED SMD 0603")
    (path /60BF47C4)
    (attr smd)
    (fp_text reference D1 (at 2.275 -0.9 -90 unlocked) (layer B.SilkS)
      (effects (font (size 0.762 0.762) (thickness 0.1524)) (justify right mirror))
    )
    (fp_text value G (at 0 0 -90) (layer B.Fab) hide
      (effects (font (size 0.1 0.1) (thickness 0.025)) (justify mirror))
    )
    (fp_line (start 1.65 -0.73) (end -1.65 -0.73) (layer B.CrtYd) (width 0.05))
    (fp_line (start 1.65 0.73) (end 1.65 -0.73) (layer B.CrtYd) (width 0.05))
    (fp_line (start -1.65 0.73) (end 1.65 0.73) (layer B.CrtYd) (width 0.05))
    (fp_line (start -1.65 -0.73) (end -1.65 0.73) (layer B.CrtYd) (width 0.05))
    (fp_line (start -0.254 0.762) (end 1.7018 0.762) (layer B.SilkS) (width 0.254))
    (fp_line (start 1.7018 -0.762) (end -0.254 -0.762) (layer B.SilkS) (width 0.254))
    (fp_line (start 1.7018 0.762) (end 1.7018 -0.762) (layer B.SilkS) (width 0.254))
    (fp_line (start -1.524 -0.762) (end -0.889 -0.762) (layer B.SilkS) (width 0.254))
    (fp_line (start -1.524 0.762) (end -0.889 0.762) (layer B.SilkS) (width 0.254))
    (pad 2 smd rect (at 0.875 0) (size 1.0668 0.9398) (layers B.Cu B.Paste B.Mask)
      (net 5 "Net-(D1-Pad2)"))
    (pad 1 smd rect (at -0.875 0) (size 1.0668 0.9398) (layers B.Cu B.Paste B.Mask)
      (net 1 GND))
    (model ${KISYS3DMOD}/github/LED_SMD.3dshapes/LED_0603_1608Metric.wrl
      (at (xyz 0 0 0))
      (scale (xyz 1 1 1))
      (rotate (xyz 0 0 0))
    )
  )

  (module MySMT:LED0603_HS (layer B.Cu) (tedit 5FD5EF35) (tstamp 6136D886)
    (at 126.6 98.1 180)
    (descr "LED SMD 0603")
    (path /60BF8304)
    (attr smd)
    (fp_text reference D2 (at -0.9 3.3) (layer B.SilkS)
      (effects (font (size 1.016 1.016) (thickness 0.2032)) (justify left mirror))
    )
    (fp_text value Or (at 0 0 270) (layer B.Fab) hide
      (effects (font (size 0.1 0.1) (thickness 0.025)) (justify mirror))
    )
    (fp_line (start -1.524 0.762) (end -0.889 0.762) (layer B.SilkS) (width 0.254))
    (fp_line (start -1.524 -0.762) (end -0.889 -0.762) (layer B.SilkS) (width 0.254))
    (fp_line (start 1.7018 0.762) (end 1.7018 -0.762) (layer B.SilkS) (width 0.254))
    (fp_line (start 1.7018 -0.762) (end -0.254 -0.762) (layer B.SilkS) (width 0.254))
    (fp_line (start -0.254 0.762) (end 1.7018 0.762) (layer B.SilkS) (width 0.254))
    (fp_line (start -1.65 -0.73) (end -1.65 0.73) (layer B.CrtYd) (width 0.05))
    (fp_line (start -1.65 0.73) (end 1.65 0.73) (layer B.CrtYd) (width 0.05))
    (fp_line (start 1.65 0.73) (end 1.65 -0.73) (layer B.CrtYd) (width 0.05))
    (fp_line (start 1.65 -0.73) (end -1.65 -0.73) (layer B.CrtYd) (width 0.05))
    (pad 1 smd rect (at -0.875 0 180) (size 1.0668 0.9398) (layers B.Cu B.Paste B.Mask)
      (net 6 /Rx))
    (pad 2 smd rect (at 0.875 0 180) (size 1.0668 0.9398) (layers B.Cu B.Paste B.Mask)
      (net 7 "Net-(D2-Pad2)"))
    (model ${KISYS3DMOD}/github/LED_SMD.3dshapes/LED_0603_1608Metric.wrl
      (at (xyz 0 0 0))
      (scale (xyz 1 1 1))
      (rotate (xyz 0 0 0))
    )
  )

  (module MySMT:LED0603_HS (layer B.Cu) (tedit 5FD5EF35) (tstamp 6136D832)
    (at 126.6 96.4 180)
    (descr "LED SMD 0603")
    (path /60BF9ED2)
    (attr smd)
    (fp_text reference D3 (at -1.5 3.2 180) (layer B.SilkS)
      (effects (font (size 1.016 1.016) (thickness 0.2032)) (justify left mirror))
    )
    (fp_text value Y (at 0 0 270) (layer B.Fab) hide
      (effects (font (size 0.1 0.1) (thickness 0.025)) (justify mirror))
    )
    (fp_line (start 1.65 -0.73) (end -1.65 -0.73) (layer B.CrtYd) (width 0.05))
    (fp_line (start 1.65 0.73) (end 1.65 -0.73) (layer B.CrtYd) (width 0.05))
    (fp_line (start -1.65 0.73) (end 1.65 0.73) (layer B.CrtYd) (width 0.05))
    (fp_line (start -1.65 -0.73) (end -1.65 0.73) (layer B.CrtYd) (width 0.05))
    (fp_line (start -0.254 0.762) (end 1.7018 0.762) (layer B.SilkS) (width 0.254))
    (fp_line (start 1.7018 -0.762) (end -0.254 -0.762) (layer B.SilkS) (width 0.254))
    (fp_line (start 1.7018 0.762) (end 1.7018 -0.762) (layer B.SilkS) (width 0.254))
    (fp_line (start -1.524 -0.762) (end -0.889 -0.762) (layer B.SilkS) (width 0.254))
    (fp_line (start -1.524 0.762) (end -0.889 0.762) (layer B.SilkS) (width 0.254))
    (pad 2 smd rect (at 0.875 0 180) (size 1.0668 0.9398) (layers B.Cu B.Paste B.Mask)
      (net 8 "Net-(D3-Pad2)"))
    (pad 1 smd rect (at -0.875 0 180) (size 1.0668 0.9398) (layers B.Cu B.Paste B.Mask)
      (net 9 /Tx))
    (model ${KISYS3DMOD}/github/LED_SMD.3dshapes/LED_0603_1608Metric.wrl
      (at (xyz 0 0 0))
      (scale (xyz 1 1 1))
      (rotate (xyz 0 0 0))
    )
  )

  (module MySMT:R_0805_HS (layer F.Cu) (tedit 5F5CEB1C) (tstamp 6136D16C)
    (at 109 96.2 180)
    (descr "Resistor SMD 0805 (2012 Metric), square (rectangular) end terminal, IPC_7351 nominal with elongated pad for handsoldering. (Body size source: https://docs.google.com/spreadsheets/d/1BsfQQcO9C6DZCsRaXUlFlo91Tg2WpOkGARC1WS5S8t0/edit?usp=sharing), generated with kicad-footprint-generator")
    (tags "resistor handsolder")
    (path /60C17439)
    (attr smd)
    (fp_text reference FB1 (at 3.2 0.2) (layer F.SilkS)
      (effects (font (size 1.016 1.016) (thickness 0.2032)))
    )
    (fp_text value Z600 (at 0 1.65 180) (layer F.Fab) hide
      (effects (font (size 1 1) (thickness 0.15)))
    )
    (fp_line (start -1 0.6) (end -1 -0.6) (layer F.Fab) (width 0.1))
    (fp_line (start 1 -0.6) (end 1 0.6) (layer F.Fab) (width 0.1))
    (fp_line (start -1.1 -0.95) (end 1.1 -0.95) (layer F.SilkS) (width 0.2032))
    (fp_line (start -1.85 0.95) (end -1.85 -0.95) (layer F.CrtYd) (width 0.05))
    (fp_line (start -1.85 -0.95) (end 1.85 -0.95) (layer F.CrtYd) (width 0.05))
    (fp_line (start 1.85 -0.95) (end 1.85 0.95) (layer F.CrtYd) (width 0.05))
    (fp_line (start 1.85 0.95) (end -1.85 0.95) (layer F.CrtYd) (width 0.05))
    (fp_line (start -1.1 0.95) (end 1.1 0.95) (layer F.SilkS) (width 0.2032))
    (pad 1 smd rect (at -1.025 0 180) (size 1.15 1.4) (layers F.Cu F.Paste F.Mask)
      (net 2 +5V))
    (pad 2 smd rect (at 1.025 0 180) (size 1.15 1.4) (layers F.Cu F.Paste F.Mask)
      (net 10 "Net-(FB1-Pad2)"))
    (model ${KISYS3DMOD}/github/Resistor_SMD.3dshapes/R_0805_2012Metric.wrl
      (at (xyz 0 0 0))
      (scale (xyz 1 1 1))
      (rotate (xyz 0 0 0))
    )
  )

  (module MySMT:R_0402_HS (layer B.Cu) (tedit 60A28E6E) (tstamp 61369A13)
    (at 108.8 96.2 180)
    (descr "Resistor SMD 0402 (1005 Metric), square (rectangular) end terminal, IPC_7351 nominal")
    (tags resistor)
    (path /60BF6BC4)
    (attr smd)
    (fp_text reference R1 (at 0 1.4) (layer B.SilkS)
      (effects (font (size 1.016 1.016) (thickness 0.2032)) (justify mirror))
    )
    (fp_text value 4k3 (at 0 -1.17) (layer B.Fab) hide
      (effects (font (size 1 1) (thickness 0.15)) (justify mirror))
    )
    (fp_line (start -0.93 -0.47) (end -0.93 0.47) (layer B.CrtYd) (width 0.05))
    (fp_line (start -0.93 0.47) (end 0.93 0.47) (layer B.CrtYd) (width 0.05))
    (fp_line (start 0.93 0.47) (end 0.93 -0.47) (layer B.CrtYd) (width 0.05))
    (fp_line (start 0.93 -0.47) (end -0.93 -0.47) (layer B.CrtYd) (width 0.05))
    (fp_line (start -0.635 0.508) (end 0.635 0.508) (layer B.SilkS) (width 0.254))
    (fp_line (start -0.635 -0.508) (end 0.635 -0.508) (layer B.SilkS) (width 0.254))
    (fp_text user %R (at 0 0) (layer B.Fab) hide
      (effects (font (size 0.25 0.25) (thickness 0.04)) (justify mirror))
    )
    (pad 1 smd rect (at -0.6858 0 180) (size 1 0.64) (layers B.Cu B.Paste B.Mask)
      (net 2 +5V))
    (pad 2 smd rect (at 0.6858 0 180) (size 1 0.64) (layers B.Cu B.Paste B.Mask)
      (net 5 "Net-(D1-Pad2)"))
    (model ${KISYS3DMOD}/github/Resistor_SMD.3dshapes/R_0402_1005Metric.wrl
      (at (xyz 0 0 0))
      (scale (xyz 1 1 1))
      (rotate (xyz 0 0 0))
    )
  )

  (module MySMT:R_0402_HS (layer B.Cu) (tedit 60A28E6E) (tstamp 61369A20)
    (at 110.744 89.8)
    (descr "Resistor SMD 0402 (1005 Metric), square (rectangular) end terminal, IPC_7351 nominal")
    (tags resistor)
    (path /60C1318D)
    (attr smd)
    (fp_text reference R2 (at -0.444 1.6 270) (layer B.SilkS)
      (effects (font (size 1.016 1.016) (thickness 0.2032)) (justify mirror))
    )
    (fp_text value 22R (at 0 -1.17) (layer B.Fab) hide
      (effects (font (size 1 1) (thickness 0.15)) (justify mirror))
    )
    (fp_line (start -0.635 -0.508) (end 0.635 -0.508) (layer B.SilkS) (width 0.254))
    (fp_line (start -0.635 0.508) (end 0.635 0.508) (layer B.SilkS) (width 0.254))
    (fp_line (start 0.93 -0.47) (end -0.93 -0.47) (layer B.CrtYd) (width 0.05))
    (fp_line (start 0.93 0.47) (end 0.93 -0.47) (layer B.CrtYd) (width 0.05))
    (fp_line (start -0.93 0.47) (end 0.93 0.47) (layer B.CrtYd) (width 0.05))
    (fp_line (start -0.93 -0.47) (end -0.93 0.47) (layer B.CrtYd) (width 0.05))
    (fp_text user %R (at 0 0) (layer B.Fab) hide
      (effects (font (size 0.25 0.25) (thickness 0.04)) (justify mirror))
    )
    (pad 2 smd rect (at 0.6858 0) (size 1 0.64) (layers B.Cu B.Paste B.Mask)
      (net 18 /TxAC))
    (pad 1 smd rect (at -0.6858 0) (size 1 0.64) (layers B.Cu B.Paste B.Mask)
      (net 12 "Net-(J1-Pad3)"))
    (model ${KISYS3DMOD}/github/Resistor_SMD.3dshapes/R_0402_1005Metric.wrl
      (at (xyz 0 0 0))
      (scale (xyz 1 1 1))
      (rotate (xyz 0 0 0))
    )
  )

  (module MySMT:R_0402_HS (layer B.Cu) (tedit 60A28E6E) (tstamp 61369A2D)
    (at 110.7 87.3)
    (descr "Resistor SMD 0402 (1005 Metric), square (rectangular) end terminal, IPC_7351 nominal")
    (tags resistor)
    (path /60C13C2F)
    (attr smd)
    (fp_text reference R3 (at 0.3 -1.7 90) (layer B.SilkS)
      (effects (font (size 1.016 1.016) (thickness 0.2032)) (justify mirror))
    )
    (fp_text value 22R (at 0 -1.17) (layer B.Fab) hide
      (effects (font (size 1 1) (thickness 0.15)) (justify mirror))
    )
    (fp_line (start -0.635 -0.508) (end 0.635 -0.508) (layer B.SilkS) (width 0.254))
    (fp_line (start -0.635 0.508) (end 0.635 0.508) (layer B.SilkS) (width 0.254))
    (fp_line (start 0.93 -0.47) (end -0.93 -0.47) (layer B.CrtYd) (width 0.05))
    (fp_line (start 0.93 0.47) (end 0.93 -0.47) (layer B.CrtYd) (width 0.05))
    (fp_line (start -0.93 0.47) (end 0.93 0.47) (layer B.CrtYd) (width 0.05))
    (fp_line (start -0.93 -0.47) (end -0.93 0.47) (layer B.CrtYd) (width 0.05))
    (fp_text user %R (at 0 0) (layer B.Fab) hide
      (effects (font (size 0.25 0.25) (thickness 0.04)) (justify mirror))
    )
    (pad 2 smd rect (at 0.6858 0) (size 1 0.64) (layers B.Cu B.Paste B.Mask)
      (net 19 /RxAC))
    (pad 1 smd rect (at -0.6858 0) (size 1 0.64) (layers B.Cu B.Paste B.Mask)
      (net 11 "Net-(J1-Pad2)"))
    (model ${KISYS3DMOD}/github/Resistor_SMD.3dshapes/R_0402_1005Metric.wrl
      (at (xyz 0 0 0))
      (scale (xyz 1 1 1))
      (rotate (xyz 0 0 0))
    )
  )

  (module MySMT:R_0402_HS (layer B.Cu) (tedit 60A28E6E) (tstamp 6136C1E2)
    (at 112.268 91.4 180)
    (descr "Resistor SMD 0402 (1005 Metric), square (rectangular) end terminal, IPC_7351 nominal")
    (tags resistor)
    (path /60BE9751)
    (attr smd)
    (fp_text reference R4 (at -0.032 -1.614 90) (layer B.SilkS)
      (effects (font (size 1.016 1.016) (thickness 0.2032)) (justify mirror))
    )
    (fp_text value 22k (at 0 -1.17) (layer B.Fab) hide
      (effects (font (size 1 1) (thickness 0.15)) (justify mirror))
    )
    (fp_line (start -0.93 -0.47) (end -0.93 0.47) (layer B.CrtYd) (width 0.05))
    (fp_line (start -0.93 0.47) (end 0.93 0.47) (layer B.CrtYd) (width 0.05))
    (fp_line (start 0.93 0.47) (end 0.93 -0.47) (layer B.CrtYd) (width 0.05))
    (fp_line (start 0.93 -0.47) (end -0.93 -0.47) (layer B.CrtYd) (width 0.05))
    (fp_line (start -0.635 0.508) (end 0.635 0.508) (layer B.SilkS) (width 0.254))
    (fp_line (start -0.635 -0.508) (end 0.635 -0.508) (layer B.SilkS) (width 0.254))
    (fp_text user %R (at 0 0) (layer B.Fab) hide
      (effects (font (size 0.25 0.25) (thickness 0.04)) (justify mirror))
    )
    (pad 1 smd rect (at -0.6858 0 180) (size 1 0.64) (layers B.Cu B.Paste B.Mask)
      (net 2 +5V))
    (pad 2 smd rect (at 0.6858 0 180) (size 1 0.64) (layers B.Cu B.Paste B.Mask)
      (net 18 /TxAC))
    (model ${KISYS3DMOD}/github/Resistor_SMD.3dshapes/R_0402_1005Metric.wrl
      (at (xyz 0 0 0))
      (scale (xyz 1 1 1))
      (rotate (xyz 0 0 0))
    )
  )

  (module MySMT:R_0402_HS (layer B.Cu) (tedit 60A28E6E) (tstamp 61369A47)
    (at 112.522 88.392 180)
    (descr "Resistor SMD 0402 (1005 Metric), square (rectangular) end terminal, IPC_7351 nominal")
    (tags resistor)
    (path /60BED006)
    (attr smd)
    (fp_text reference R5 (at -0.678 1.592 90) (layer B.SilkS)
      (effects (font (size 1.016 1.016) (thickness 0.2032)) (justify mirror))
    )
    (fp_text value 22k (at 0 -1.17) (layer B.Fab) hide
      (effects (font (size 1 1) (thickness 0.15)) (justify mirror))
    )
    (fp_line (start -0.93 -0.47) (end -0.93 0.47) (layer B.CrtYd) (width 0.05))
    (fp_line (start -0.93 0.47) (end 0.93 0.47) (layer B.CrtYd) (width 0.05))
    (fp_line (start 0.93 0.47) (end 0.93 -0.47) (layer B.CrtYd) (width 0.05))
    (fp_line (start 0.93 -0.47) (end -0.93 -0.47) (layer B.CrtYd) (width 0.05))
    (fp_line (start -0.635 0.508) (end 0.635 0.508) (layer B.SilkS) (width 0.254))
    (fp_line (start -0.635 -0.508) (end 0.635 -0.508) (layer B.SilkS) (width 0.254))
    (fp_text user %R (at 0 0) (layer B.Fab) hide
      (effects (font (size 0.25 0.25) (thickness 0.04)) (justify mirror))
    )
    (pad 1 smd rect (at -0.6858 0 180) (size 1 0.64) (layers B.Cu B.Paste B.Mask)
      (net 2 +5V))
    (pad 2 smd rect (at 0.6858 0 180) (size 1 0.64) (layers B.Cu B.Paste B.Mask)
      (net 19 /RxAC))
    (model ${KISYS3DMOD}/github/Resistor_SMD.3dshapes/R_0402_1005Metric.wrl
      (at (xyz 0 0 0))
      (scale (xyz 1 1 1))
      (rotate (xyz 0 0 0))
    )
  )

  (module MySMT:R_0402_HS (layer F.Cu) (tedit 60A28E6E) (tstamp 61369A54)
    (at 112.268 86)
    (descr "Resistor SMD 0402 (1005 Metric), square (rectangular) end terminal, IPC_7351 nominal")
    (tags resistor)
    (path /60BE8810)
    (attr smd)
    (fp_text reference R6 (at 0 -1.27) (layer F.SilkS)
      (effects (font (size 1.016 1.016) (thickness 0.2032)))
    )
    (fp_text value 22k (at 0 1.17) (layer F.Fab) hide
      (effects (font (size 1 1) (thickness 0.15)))
    )
    (fp_line (start -0.635 0.508) (end 0.635 0.508) (layer F.SilkS) (width 0.254))
    (fp_line (start -0.635 -0.508) (end 0.635 -0.508) (layer F.SilkS) (width 0.254))
    (fp_line (start 0.93 0.47) (end -0.93 0.47) (layer F.CrtYd) (width 0.05))
    (fp_line (start 0.93 -0.47) (end 0.93 0.47) (layer F.CrtYd) (width 0.05))
    (fp_line (start -0.93 -0.47) (end 0.93 -0.47) (layer F.CrtYd) (width 0.05))
    (fp_line (start -0.93 0.47) (end -0.93 -0.47) (layer F.CrtYd) (width 0.05))
    (fp_text user %R (at 0 0) (layer F.Fab) hide
      (effects (font (size 0.25 0.25) (thickness 0.04)))
    )
    (pad 2 smd rect (at 0.6858 0) (size 1 0.64) (layers F.Cu F.Paste F.Mask)
      (net 6 /Rx))
    (pad 1 smd rect (at -0.6858 0) (size 1 0.64) (layers F.Cu F.Paste F.Mask)
      (net 3 VCC))
    (model ${KISYS3DMOD}/github/Resistor_SMD.3dshapes/R_0402_1005Metric.wrl
      (at (xyz 0 0 0))
      (scale (xyz 1 1 1))
      (rotate (xyz 0 0 0))
    )
  )

  (module MySMT:R_0402_HS (layer F.Cu) (tedit 60A28E6E) (tstamp 6136C21F)
    (at 112.268 91.4 180)
    (descr "Resistor SMD 0402 (1005 Metric), square (rectangular) end terminal, IPC_7351 nominal")
    (tags resistor)
    (path /60BE9BE9)
    (attr smd)
    (fp_text reference R7 (at 0 -1.314) (layer F.SilkS)
      (effects (font (size 1.016 1.016) (thickness 0.2032)))
    )
    (fp_text value 22k (at 0 1.17) (layer F.Fab) hide
      (effects (font (size 1 1) (thickness 0.15)))
    )
    (fp_line (start -0.635 0.508) (end 0.635 0.508) (layer F.SilkS) (width 0.254))
    (fp_line (start -0.635 -0.508) (end 0.635 -0.508) (layer F.SilkS) (width 0.254))
    (fp_line (start 0.93 0.47) (end -0.93 0.47) (layer F.CrtYd) (width 0.05))
    (fp_line (start 0.93 -0.47) (end 0.93 0.47) (layer F.CrtYd) (width 0.05))
    (fp_line (start -0.93 -0.47) (end 0.93 -0.47) (layer F.CrtYd) (width 0.05))
    (fp_line (start -0.93 0.47) (end -0.93 -0.47) (layer F.CrtYd) (width 0.05))
    (fp_text user %R (at 0 0) (layer F.Fab) hide
      (effects (font (size 0.25 0.25) (thickness 0.04)))
    )
    (pad 2 smd rect (at 0.6858 0 180) (size 1 0.64) (layers F.Cu F.Paste F.Mask)
      (net 9 /Tx))
    (pad 1 smd rect (at -0.6858 0 180) (size 1 0.64) (layers F.Cu F.Paste F.Mask)
      (net 3 VCC))
    (model ${KISYS3DMOD}/github/Resistor_SMD.3dshapes/R_0402_1005Metric.wrl
      (at (xyz 0 0 0))
      (scale (xyz 1 1 1))
      (rotate (xyz 0 0 0))
    )
  )

  (module MySMT:R_0402_HS (layer B.Cu) (tedit 60A28E6E) (tstamp 61369A6E)
    (at 123.3 98.1)
    (descr "Resistor SMD 0402 (1005 Metric), square (rectangular) end terminal, IPC_7351 nominal")
    (tags resistor)
    (path /60BF830A)
    (attr smd)
    (fp_text reference R8 (at 0 -3.1 180) (layer B.SilkS)
      (effects (font (size 1.016 1.016) (thickness 0.2032)) (justify mirror))
    )
    (fp_text value 4k3 (at 0 -1.17 180) (layer B.Fab) hide
      (effects (font (size 1 1) (thickness 0.15)) (justify mirror))
    )
    (fp_line (start -0.93 -0.47) (end -0.93 0.47) (layer B.CrtYd) (width 0.05))
    (fp_line (start -0.93 0.47) (end 0.93 0.47) (layer B.CrtYd) (width 0.05))
    (fp_line (start 0.93 0.47) (end 0.93 -0.47) (layer B.CrtYd) (width 0.05))
    (fp_line (start 0.93 -0.47) (end -0.93 -0.47) (layer B.CrtYd) (width 0.05))
    (fp_line (start -0.635 0.508) (end 0.635 0.508) (layer B.SilkS) (width 0.254))
    (fp_line (start -0.635 -0.508) (end 0.635 -0.508) (layer B.SilkS) (width 0.254))
    (fp_text user %R (at 0 0 180) (layer B.Fab) hide
      (effects (font (size 0.25 0.25) (thickness 0.04)) (justify mirror))
    )
    (pad 1 smd rect (at -0.6858 0) (size 1 0.64) (layers B.Cu B.Paste B.Mask)
